data of 1
[0.74       0.78666667 0.76666667 0.74666667 0.81333333 0.79333333
 0.81333333 0.79333333 0.76       0.74666667]
 mean: 0.776
var: 0.000686222222222222
data of 5
[0.78666667 0.78666667 0.85333333 0.82       0.86666667 0.86
 0.84       0.82666667 0.76666667 0.76666667]
 mean: 0.8173333333333334
var: 0.0013173333333333331
data of 25
[0.81333333 0.86       0.86       0.83333333 0.86666667 0.86666667
 0.86       0.85333333 0.80666667 0.81333333]
 mean: 0.8433333333333334
var: 0.0005266666666666668
data of 125
[0.80666667 0.86666667 0.84       0.84666667 0.88       0.86666667
 0.86       0.85333333 0.8        0.80666667]
 mean: 0.8426666666666666
var: 0.0007395555555555559
data of 625
[0.82666667 0.82666667 0.88       0.83333333 0.86       0.86666667
 0.84       0.81333333 0.82666667 0.79333333]
 mean: 0.8366666666666666
var: 0.0006066666666666666
data of 1200
[0.52       0.49333333 0.51333333 0.53333333 0.53333333 0.55333333
 0.52       0.52666667 0.5        0.50666667]
 mean: 0.52
var: 0.00028444444444444426
